Subset 1	1	350.000	0.148
Subset 1	2	351.000	0.144
Subset 1	3	352.000	0.142
Subset 1	4	353.000	0.143
Subset 1	5	354.000	0.141
Subset 1	6	355.000	0.138
Subset 1	7	356.000	0.137
Subset 1	8	357.000	0.137
Subset 1	9	358.000	0.134
Subset 1	10	359.000	0.134
Subset 1	11	360.000	0.135
Subset 1	12	361.000	0.135
Subset 1	13	362.000	0.133
Subset 1	14	363.000	0.131
Subset 1	15	364.000	0.130
Subset 1	16	365.000	0.131
Subset 1	17	366.000	0.131
Subset 1	18	367.000	0.131
Subset 1	19	368.000	0.130
Subset 1	20	369.000	0.130
Subset 1	21	370.000	0.130
Subset 1	22	371.000	0.130
Subset 1	23	372.000	0.130
Subset 1	24	373.000	0.130
Subset 1	25	374.000	0.131
Subset 1	26	375.000	0.131
Subset 1	27	376.000	0.130
Subset 1	28	377.000	0.130
Subset 1	29	378.000	0.130
Subset 1	30	379.000	0.130
Subset 1	31	380.000	0.131
Subset 1	32	381.000	0.132
Subset 1	33	382.000	0.133
Subset 1	34	383.000	0.134
Subset 1	35	384.000	0.134
Subset 1	36	385.000	0.134
Subset 1	37	386.000	0.135
Subset 1	38	387.000	0.136
Subset 1	39	388.000	0.136
Subset 1	40	389.000	0.136
Subset 1	41	390.000	0.136
Subset 1	42	391.000	0.138
Subset 1	43	392.000	0.138
Subset 1	44	393.000	0.138
Subset 1	45	394.000	0.139
Subset 1	46	395.000	0.140
Subset 1	47	396.000	0.140
Subset 1	48	397.000	0.140
Subset 1	49	398.000	0.141
Subset 1	50	399.000	0.141
Subset 1	51	400.000	0.142
Subset 1	52	401.000	0.142
Subset 1	53	402.000	0.143
Subset 1	54	403.000	0.144
Subset 1	55	404.000	0.145
Subset 1	56	405.000	0.145
Subset 1	57	406.000	0.145
Subset 1	58	407.000	0.146
Subset 1	59	408.000	0.146
Subset 1	60	409.000	0.147
Subset 1	61	410.000	0.147
Subset 1	62	411.000	0.147
Subset 1	63	412.000	0.148
Subset 1	64	413.000	0.149
Subset 1	65	414.000	0.149
Subset 1	66	415.000	0.150
Subset 1	67	416.000	0.151
Subset 1	68	417.000	0.151
Subset 1	69	418.000	0.152
Subset 1	70	419.000	0.152
Subset 1	71	420.000	0.153
Subset 1	72	421.000	0.153
Subset 1	73	422.000	0.154
Subset 1	74	423.000	0.155
Subset 1	75	424.000	0.156
Subset 1	76	425.000	0.156
Subset 1	77	426.000	0.157
Subset 1	78	427.000	0.158
Subset 1	79	428.000	0.159
Subset 1	80	429.000	0.160
Subset 1	81	430.000	0.161
Subset 1	82	431.000	0.162
Subset 1	83	432.000	0.163
Subset 1	84	433.000	0.164
Subset 1	85	434.000	0.165
Subset 1	86	435.000	0.166
Subset 1	87	436.000	0.167
Subset 1	88	437.000	0.168
Subset 1	89	438.000	0.169
Subset 1	90	439.000	0.170
Subset 1	91	440.000	0.172
Subset 1	92	441.000	0.173
Subset 1	93	442.000	0.174
Subset 1	94	443.000	0.175
Subset 1	95	444.000	0.176
Subset 1	96	445.000	0.177
Subset 1	97	446.000	0.178
Subset 1	98	447.000	0.179
Subset 1	99	448.000	0.180
Subset 1	100	449.000	0.181
Subset 1	101	450.000	0.181
Subset 1	102	451.000	0.182
Subset 1	103	452.000	0.183
Subset 1	104	453.000	0.183
Subset 1	105	454.000	0.184
Subset 1	106	455.000	0.185
Subset 1	107	456.000	0.185
Subset 1	108	457.000	0.185
Subset 1	109	458.000	0.186
Subset 1	110	459.000	0.186
Subset 1	111	460.000	0.187
Subset 1	112	461.000	0.187
Subset 1	113	462.000	0.187
Subset 1	114	463.000	0.188
Subset 1	115	464.000	0.188
Subset 1	116	465.000	0.188
Subset 1	117	466.000	0.188
Subset 1	118	467.000	0.189
Subset 1	119	468.000	0.189
Subset 1	120	469.000	0.190
Subset 1	121	470.000	0.190
Subset 1	122	471.000	0.190
Subset 1	123	472.000	0.191
Subset 1	124	473.000	0.191
Subset 1	125	474.000	0.191
Subset 1	126	475.000	0.192
Subset 1	127	476.000	0.192
Subset 1	128	477.000	0.193
Subset 1	129	478.000	0.193
Subset 1	130	479.000	0.193
Subset 1	131	480.000	0.194
Subset 1	132	481.000	0.195
Subset 1	133	482.000	0.195
Subset 1	134	483.000	0.196
Subset 1	135	484.000	0.196
Subset 1	136	485.000	0.197
Subset 1	137	486.000	0.198
Subset 1	138	487.000	0.198
Subset 1	139	488.000	0.199
Subset 1	140	489.000	0.200
Subset 1	141	490.000	0.201
Subset 1	142	491.000	0.202
Subset 1	143	492.000	0.203
Subset 1	144	493.000	0.204
Subset 1	145	494.000	0.205
Subset 1	146	495.000	0.206
Subset 1	147	496.000	0.207
Subset 1	148	497.000	0.208
Subset 1	149	498.000	0.209
Subset 1	150	499.000	0.210
Subset 1	151	500.000	0.211
Subset 1	152	501.000	0.212
Subset 1	153	502.000	0.213
Subset 1	154	503.000	0.215
Subset 1	155	504.000	0.216
Subset 1	156	505.000	0.217
Subset 1	157	506.000	0.218
Subset 1	158	507.000	0.220
Subset 1	159	508.000	0.221
Subset 1	160	509.000	0.222
Subset 1	161	510.000	0.224
Subset 1	162	511.000	0.225
Subset 1	163	512.000	0.227
Subset 1	164	513.000	0.228
Subset 1	165	514.000	0.230
Subset 1	166	515.000	0.231
Subset 1	167	516.000	0.233
Subset 1	168	517.000	0.234
Subset 1	169	518.000	0.236
Subset 1	170	519.000	0.238
Subset 1	171	520.000	0.239
Subset 1	172	521.000	0.241
Subset 1	173	522.000	0.243
Subset 1	174	523.000	0.244
Subset 1	175	524.000	0.246
Subset 1	176	525.000	0.248
Subset 1	177	526.000	0.250
Subset 1	178	527.000	0.252
Subset 1	179	528.000	0.254
Subset 1	180	529.000	0.256
Subset 1	181	530.000	0.258
Subset 1	182	531.000	0.260
Subset 1	183	532.000	0.262
Subset 1	184	533.000	0.264
Subset 1	185	534.000	0.266
Subset 1	186	535.000	0.268
Subset 1	187	536.000	0.270
Subset 1	188	537.000	0.272
Subset 1	189	538.000	0.274
Subset 1	190	539.000	0.276
Subset 1	191	540.000	0.278
Subset 1	192	541.000	0.281
Subset 1	193	542.000	0.283
Subset 1	194	543.000	0.285
Subset 1	195	544.000	0.288
Subset 1	196	545.000	0.290
Subset 1	197	546.000	0.292
Subset 1	198	547.000	0.294
Subset 1	199	548.000	0.297
Subset 1	200	549.000	0.299
Subset 1	201	550.000	0.301
Subset 1	202	551.000	0.303
Subset 1	203	552.000	0.306
Subset 1	204	553.000	0.308
Subset 1	205	554.000	0.310
Subset 1	206	555.000	0.312
Subset 1	207	556.000	0.314
Subset 1	208	557.000	0.316
Subset 1	209	558.000	0.318
Subset 1	210	559.000	0.320
Subset 1	211	560.000	0.321
Subset 1	212	561.000	0.323
Subset 1	213	562.000	0.325
Subset 1	214	563.000	0.326
Subset 1	215	564.000	0.328
Subset 1	216	565.000	0.329
Subset 1	217	566.000	0.331
Subset 1	218	567.000	0.333
Subset 1	219	568.000	0.334
Subset 1	220	569.000	0.336
Subset 1	221	570.000	0.338
Subset 1	222	571.000	0.339
Subset 1	223	572.000	0.340
Subset 1	224	573.000	0.342
Subset 1	225	574.000	0.344
Subset 1	226	575.000	0.345
Subset 1	227	576.000	0.347
Subset 1	228	577.000	0.349
Subset 1	229	578.000	0.350
Subset 1	230	579.000	0.352
Subset 1	231	580.000	0.353
Subset 1	232	581.000	0.354
Subset 1	233	582.000	0.355
Subset 1	234	583.000	0.356
Subset 1	235	584.000	0.357
Subset 1	236	585.000	0.357
Subset 1	237	586.000	0.358
Subset 1	238	587.000	0.358
Subset 1	239	588.000	0.359
Subset 1	240	589.000	0.359
Subset 1	241	590.000	0.360
Subset 1	242	591.000	0.360
Subset 1	243	592.000	0.361
Subset 1	244	593.000	0.361
Subset 1	245	594.000	0.362
Subset 1	246	595.000	0.363
Subset 1	247	596.000	0.364
Subset 1	248	597.000	0.366
Subset 1	249	598.000	0.367
Subset 1	250	599.000	0.368
Subset 1	251	600.000	0.368
Subset 1	252	601.000	0.368
Subset 1	253	602.000	0.369
Subset 1	254	603.000	0.369
Subset 1	255	604.000	0.369
Subset 1	256	605.000	0.369
Subset 1	257	606.000	0.369
Subset 1	258	607.000	0.369
Subset 1	259	608.000	0.370
Subset 1	260	609.000	0.370
Subset 1	261	610.000	0.370
Subset 1	262	611.000	0.370
Subset 1	263	612.000	0.370
Subset 1	264	613.000	0.370
Subset 1	265	614.000	0.371
Subset 1	266	615.000	0.371
Subset 1	267	616.000	0.371
Subset 1	268	617.000	0.371
Subset 1	269	618.000	0.371
Subset 1	270	619.000	0.371
Subset 1	271	620.000	0.371
Subset 1	272	621.000	0.372
Subset 1	273	622.000	0.372
Subset 1	274	623.000	0.372
Subset 1	275	624.000	0.372
Subset 1	276	625.000	0.372
Subset 1	277	626.000	0.372
Subset 1	278	627.000	0.373
Subset 1	279	628.000	0.373
Subset 1	280	629.000	0.373
Subset 1	281	630.000	0.373
Subset 1	282	631.000	0.373
Subset 1	283	632.000	0.373
Subset 1	284	633.000	0.373
Subset 1	285	634.000	0.374
Subset 1	286	635.000	0.374
Subset 1	287	636.000	0.374
Subset 1	288	637.000	0.374
Subset 1	289	638.000	0.374
Subset 1	290	639.000	0.374
Subset 1	291	640.000	0.375
Subset 1	292	641.000	0.375
Subset 1	293	642.000	0.375
Subset 1	294	643.000	0.375
Subset 1	295	644.000	0.375
Subset 1	296	645.000	0.375
Subset 1	297	646.000	0.376
Subset 1	298	647.000	0.376
Subset 1	299	648.000	0.376
Subset 1	300	649.000	0.376
Subset 1	301	650.000	0.376
Subset 1	302	651.000	0.377
Subset 1	303	652.000	0.377
Subset 1	304	653.000	0.377
Subset 1	305	654.000	0.377
Subset 1	306	655.000	0.377
Subset 1	307	656.000	0.378
Subset 1	308	657.000	0.378
Subset 1	309	658.000	0.378
Subset 1	310	659.000	0.378
Subset 1	311	660.000	0.379
Subset 1	312	661.000	0.379
Subset 1	313	662.000	0.379
Subset 1	314	663.000	0.379
Subset 1	315	664.000	0.380
Subset 1	316	665.000	0.380
Subset 1	317	666.000	0.380
Subset 1	318	667.000	0.380
Subset 1	319	668.000	0.381
Subset 1	320	669.000	0.381
Subset 1	321	670.000	0.381
Subset 1	322	671.000	0.382
Subset 1	323	672.000	0.382
Subset 1	324	673.000	0.382
Subset 1	325	674.000	0.383
Subset 1	326	675.000	0.383
Subset 1	327	676.000	0.383
Subset 1	328	677.000	0.384
Subset 1	329	678.000	0.384
Subset 1	330	679.000	0.384
Subset 1	331	680.000	0.385
Subset 1	332	681.000	0.385
Subset 1	333	682.000	0.386
Subset 1	334	683.000	0.386
Subset 1	335	684.000	0.386
Subset 1	336	685.000	0.387
Subset 1	337	686.000	0.387
Subset 1	338	687.000	0.387
Subset 1	339	688.000	0.388
Subset 1	340	689.000	0.388
Subset 1	341	690.000	0.389
Subset 1	342	691.000	0.389
Subset 1	343	692.000	0.390
Subset 1	344	693.000	0.390
Subset 1	345	694.000	0.390
Subset 1	346	695.000	0.391
Subset 1	347	696.000	0.391
Subset 1	348	697.000	0.392
Subset 1	349	698.000	0.392
Subset 1	350	699.000	0.393
Subset 1	351	700.000	0.393
Subset 1	352	701.000	0.394
Subset 1	353	702.000	0.394
Subset 1	354	703.000	0.395
Subset 1	355	704.000	0.395
Subset 1	356	705.000	0.396
Subset 1	357	706.000	0.396
Subset 1	358	707.000	0.397
Subset 1	359	708.000	0.397
Subset 1	360	709.000	0.397
Subset 1	361	710.000	0.398
Subset 1	362	711.000	0.399
Subset 1	363	712.000	0.399
Subset 1	364	713.000	0.400
Subset 1	365	714.000	0.400
Subset 1	366	715.000	0.400
Subset 1	367	716.000	0.401
Subset 1	368	717.000	0.401
Subset 1	369	718.000	0.402
Subset 1	370	719.000	0.402
Subset 1	371	720.000	0.403
Subset 1	372	721.000	0.403
Subset 1	373	722.000	0.404
Subset 1	374	723.000	0.404
Subset 1	375	724.000	0.405
Subset 1	376	725.000	0.405
Subset 1	377	726.000	0.406
Subset 1	378	727.000	0.406
Subset 1	379	728.000	0.407
Subset 1	380	729.000	0.407
Subset 1	381	730.000	0.408
Subset 1	382	731.000	0.408
Subset 1	383	732.000	0.408
Subset 1	384	733.000	0.409
Subset 1	385	734.000	0.409
Subset 1	386	735.000	0.410
Subset 1	387	736.000	0.410
Subset 1	388	737.000	0.411
Subset 1	389	738.000	0.411
Subset 1	390	739.000	0.411
Subset 1	391	740.000	0.412
Subset 1	392	741.000	0.412
Subset 1	393	742.000	0.412
Subset 1	394	743.000	0.413
Subset 1	395	744.000	0.413
Subset 1	396	745.000	0.413
Subset 1	397	746.000	0.414
Subset 1	398	747.000	0.414
Subset 1	399	748.000	0.414
Subset 1	400	749.000	0.415
Subset 1	401	750.000	0.415
Subset 1	402	751.000	0.415
Subset 1	403	752.000	0.416
Subset 1	404	753.000	0.416
Subset 1	405	754.000	0.416
Subset 1	406	755.000	0.416
Subset 1	407	756.000	0.416
Subset 1	408	757.000	0.417
Subset 1	409	758.000	0.417
Subset 1	410	759.000	0.417
Subset 1	411	760.000	0.417
Subset 1	412	761.000	0.417
Subset 1	413	762.000	0.418
Subset 1	414	763.000	0.418
Subset 1	415	764.000	0.418
Subset 1	416	765.000	0.418
Subset 1	417	766.000	0.418
Subset 1	418	767.000	0.418
Subset 1	419	768.000	0.418
Subset 1	420	769.000	0.418
Subset 1	421	770.000	0.418
Subset 1	422	771.000	0.419
Subset 1	423	772.000	0.419
Subset 1	424	773.000	0.419
Subset 1	425	774.000	0.419
Subset 1	426	775.000	0.419
Subset 1	427	776.000	0.419
Subset 1	428	777.000	0.419
Subset 1	429	778.000	0.419
Subset 1	430	779.000	0.419
Subset 1	431	780.000	0.419
Subset 1	432	781.000	0.419
Subset 1	433	782.000	0.419
Subset 1	434	783.000	0.419
Subset 1	435	784.000	0.419
Subset 1	436	785.000	0.419
Subset 1	437	786.000	0.419
Subset 1	438	787.000	0.418
Subset 1	439	788.000	0.418
Subset 1	440	789.000	0.418
Subset 1	441	790.000	0.418
Subset 1	442	791.000	0.418
Subset 1	443	792.000	0.418
Subset 1	444	793.000	0.418
Subset 1	445	794.000	0.418
Subset 1	446	795.000	0.418
Subset 1	447	796.000	0.418
Subset 1	448	797.000	0.417
Subset 1	449	798.000	0.417
Subset 1	450	799.000	0.417
Subset 1	451	800.000	0.417
Subset 1	452	801.000	0.417
Subset 1	453	802.000	0.417
Subset 1	454	803.000	0.417
Subset 1	455	804.000	0.417
Subset 1	456	805.000	0.416
Subset 1	457	806.000	0.416
Subset 1	458	807.000	0.416
Subset 1	459	808.000	0.416
Subset 1	460	809.000	0.415
Subset 1	461	810.000	0.415
Subset 1	462	811.000	0.415
Subset 1	463	812.000	0.415
Subset 1	464	813.000	0.415
Subset 1	465	814.000	0.415
Subset 1	466	815.000	0.414
Subset 1	467	816.000	0.414
Subset 1	468	817.000	0.414
Subset 1	469	818.000	0.414
Subset 1	470	819.000	0.414
Subset 1	471	820.000	0.413
Subset 1	472	821.000	0.413
Subset 1	473	822.000	0.413
Subset 1	474	823.000	0.413
Subset 1	475	824.000	0.413
Subset 1	476	825.000	0.412
Subset 1	477	826.000	0.412
Subset 1	478	827.000	0.412
Subset 1	479	828.000	0.412
Subset 1	480	829.000	0.412
Subset 1	481	830.000	0.412
Subset 1	482	831.000	0.411
Subset 1	483	832.000	0.411
Subset 1	484	833.000	0.411
Subset 1	485	834.000	0.411
Subset 1	486	835.000	0.410
Subset 1	487	836.000	0.410
Subset 1	488	837.000	0.410
Subset 1	489	838.000	0.410
Subset 1	490	839.000	0.410
Subset 1	491	840.000	0.410
Subset 1	492	841.000	0.409
Subset 1	493	842.000	0.409
Subset 1	494	843.000	0.409
Subset 1	495	844.000	0.409
Subset 1	496	845.000	0.409
Subset 1	497	846.000	0.409
Subset 1	498	847.000	0.408
Subset 1	499	848.000	0.408
Subset 1	500	849.000	0.408
Subset 1	501	850.000	0.408
Subset 1	502	851.000	0.408
Subset 1	503	852.000	0.408
Subset 1	504	853.000	0.407
Subset 1	505	854.000	0.407
Subset 1	506	855.000	0.407
Subset 1	507	856.000	0.407
Subset 1	508	857.000	0.407
Subset 1	509	858.000	0.407
Subset 1	510	859.000	0.407
Subset 1	511	860.000	0.406
Subset 1	512	861.000	0.406
Subset 1	513	862.000	0.406
Subset 1	514	863.000	0.406
Subset 1	515	864.000	0.406
Subset 1	516	865.000	0.406
Subset 1	517	866.000	0.406
Subset 1	518	867.000	0.406
Subset 1	519	868.000	0.405
Subset 1	520	869.000	0.405
Subset 1	521	870.000	0.405
Subset 1	522	871.000	0.405
Subset 1	523	872.000	0.405
Subset 1	524	873.000	0.405
Subset 1	525	874.000	0.405
Subset 1	526	875.000	0.405
Subset 1	527	876.000	0.405
Subset 1	528	877.000	0.405
Subset 1	529	878.000	0.405
Subset 1	530	879.000	0.405
Subset 1	531	880.000	0.405
Subset 1	532	881.000	0.405
Subset 1	533	882.000	0.405
Subset 1	534	883.000	0.405
Subset 1	535	884.000	0.404
Subset 1	536	885.000	0.404
Subset 1	537	886.000	0.404
Subset 1	538	887.000	0.404
Subset 1	539	888.000	0.404
Subset 1	540	889.000	0.404
Subset 1	541	890.000	0.404
Subset 1	542	891.000	0.404
Subset 1	543	892.000	0.404
Subset 1	544	893.000	0.404
Subset 1	545	894.000	0.404
Subset 1	546	895.000	0.404
Subset 1	547	896.000	0.404
Subset 1	548	897.000	0.404
Subset 1	549	898.000	0.404
Subset 1	550	899.000	0.404
Subset 1	551	900.000	0.404
Subset 1	552	901.000	0.405
Subset 1	553	902.000	0.405
Subset 1	554	903.000	0.405
Subset 1	555	904.000	0.405
Subset 1	556	905.000	0.405
Subset 1	557	906.000	0.405
Subset 1	558	907.000	0.405
Subset 1	559	908.000	0.405
Subset 1	560	909.000	0.405
Subset 1	561	910.000	0.405
Subset 1	562	911.000	0.405
Subset 1	563	912.000	0.405
Subset 1	564	913.000	0.405
Subset 1	565	914.000	0.405
Subset 1	566	915.000	0.405
Subset 1	567	916.000	0.405
Subset 1	568	917.000	0.406
Subset 1	569	918.000	0.406
Subset 1	570	919.000	0.406
Subset 1	571	920.000	0.406
Subset 1	572	921.000	0.406
Subset 1	573	922.000	0.406
Subset 1	574	923.000	0.406
Subset 1	575	924.000	0.406
Subset 1	576	925.000	0.406
Subset 1	577	926.000	0.406
Subset 1	578	927.000	0.407
Subset 1	579	928.000	0.407
Subset 1	580	929.000	0.407
Subset 1	581	930.000	0.407
Subset 1	582	931.000	0.407
Subset 1	583	932.000	0.407
Subset 1	584	933.000	0.407
Subset 1	585	934.000	0.408
Subset 1	586	935.000	0.408
Subset 1	587	936.000	0.408
Subset 1	588	937.000	0.408
Subset 1	589	938.000	0.408
Subset 1	590	939.000	0.408
Subset 1	591	940.000	0.409
Subset 1	592	941.000	0.409
Subset 1	593	942.000	0.409
Subset 1	594	943.000	0.409
Subset 1	595	944.000	0.409
Subset 1	596	945.000	0.410
Subset 1	597	946.000	0.410
Subset 1	598	947.000	0.410
Subset 1	599	948.000	0.410
Subset 1	600	949.000	0.410
Subset 1	601	950.000	0.410
Subset 1	602	951.000	0.410
Subset 1	603	952.000	0.410
Subset 1	604	953.000	0.411
Subset 1	605	954.000	0.411
Subset 1	606	955.000	0.411
Subset 1	607	956.000	0.411
Subset 1	608	957.000	0.411
Subset 1	609	958.000	0.412
Subset 1	610	959.000	0.412
Subset 1	611	960.000	0.412
Subset 1	612	961.000	0.412
Subset 1	613	962.000	0.412
Subset 1	614	963.000	0.412
Subset 1	615	964.000	0.412
Subset 1	616	965.000	0.413
Subset 1	617	966.000	0.413
Subset 1	618	967.000	0.413
Subset 1	619	968.000	0.413
Subset 1	620	969.000	0.414
Subset 1	621	970.000	0.414
Subset 1	622	971.000	0.414
Subset 1	623	972.000	0.415
Subset 1	624	973.000	0.415
Subset 1	625	974.000	0.415
Subset 1	626	975.000	0.416
Subset 1	627	976.000	0.416
Subset 1	628	977.000	0.416
Subset 1	629	978.000	0.416
Subset 1	630	979.000	0.417
Subset 1	631	980.000	0.417
Subset 1	632	981.000	0.417
Subset 1	633	982.000	0.417
Subset 1	634	983.000	0.418
Subset 1	635	984.000	0.418
Subset 1	636	985.000	0.418
Subset 1	637	986.000	0.419
Subset 1	638	987.000	0.419
Subset 1	639	988.000	0.419
Subset 1	640	989.000	0.419
Subset 1	641	990.000	0.420
Subset 1	642	991.000	0.420
Subset 1	643	992.000	0.420
Subset 1	644	993.000	0.420
Subset 1	645	994.000	0.421
Subset 1	646	995.000	0.421
Subset 1	647	996.000	0.421
Subset 1	648	997.000	0.422
Subset 1	649	998.000	0.422
Subset 1	650	999.000	0.422
Subset 1	651	1000.000	0.422
Subset 1	652	1001.000	0.412
Subset 1	653	1002.000	0.413
Subset 1	654	1003.000	0.413
Subset 1	655	1004.000	0.413
Subset 1	656	1005.000	0.413
Subset 1	657	1006.000	0.413
Subset 1	658	1007.000	0.414
Subset 1	659	1008.000	0.414
Subset 1	660	1009.000	0.414
Subset 1	661	1010.000	0.414
Subset 1	662	1011.000	0.415
Subset 1	663	1012.000	0.415
Subset 1	664	1013.000	0.415
Subset 1	665	1014.000	0.415
Subset 1	666	1015.000	0.416
Subset 1	667	1016.000	0.416
Subset 1	668	1017.000	0.416
Subset 1	669	1018.000	0.416
Subset 1	670	1019.000	0.417
Subset 1	671	1020.000	0.417
Subset 1	672	1021.000	0.417
Subset 1	673	1022.000	0.417
Subset 1	674	1023.000	0.418
Subset 1	675	1024.000	0.418
Subset 1	676	1025.000	0.418
Subset 1	677	1026.000	0.419
Subset 1	678	1027.000	0.419
Subset 1	679	1028.000	0.419
Subset 1	680	1029.000	0.420
Subset 1	681	1030.000	0.420
Subset 1	682	1031.000	0.420
Subset 1	683	1032.000	0.421
Subset 1	684	1033.000	0.421
Subset 1	685	1034.000	0.421
Subset 1	686	1035.000	0.422
Subset 1	687	1036.000	0.422
Subset 1	688	1037.000	0.423
Subset 1	689	1038.000	0.423
Subset 1	690	1039.000	0.424
Subset 1	691	1040.000	0.424
Subset 1	692	1041.000	0.424
Subset 1	693	1042.000	0.425
Subset 1	694	1043.000	0.425
Subset 1	695	1044.000	0.426
Subset 1	696	1045.000	0.426
Subset 1	697	1046.000	0.426
Subset 1	698	1047.000	0.427
Subset 1	699	1048.000	0.427
Subset 1	700	1049.000	0.428
Subset 1	701	1050.000	0.428
Subset 1	702	1051.000	0.429
Subset 1	703	1052.000	0.429
Subset 1	704	1053.000	0.429
Subset 1	705	1054.000	0.430
Subset 1	706	1055.000	0.430
Subset 1	707	1056.000	0.430
Subset 1	708	1057.000	0.431
Subset 1	709	1058.000	0.431
Subset 1	710	1059.000	0.431
Subset 1	711	1060.000	0.432
Subset 1	712	1061.000	0.432
Subset 1	713	1062.000	0.432
Subset 1	714	1063.000	0.432
Subset 1	715	1064.000	0.433
Subset 1	716	1065.000	0.433
Subset 1	717	1066.000	0.433
Subset 1	718	1067.000	0.433
Subset 1	719	1068.000	0.433
Subset 1	720	1069.000	0.434
Subset 1	721	1070.000	0.434
Subset 1	722	1071.000	0.434
Subset 1	723	1072.000	0.434
Subset 1	724	1073.000	0.434
Subset 1	725	1074.000	0.434
Subset 1	726	1075.000	0.434
Subset 1	727	1076.000	0.434
Subset 1	728	1077.000	0.435
Subset 1	729	1078.000	0.435
Subset 1	730	1079.000	0.435
Subset 1	731	1080.000	0.435
Subset 1	732	1081.000	0.435
Subset 1	733	1082.000	0.435
Subset 1	734	1083.000	0.435
Subset 1	735	1084.000	0.435
Subset 1	736	1085.000	0.435
Subset 1	737	1086.000	0.435
Subset 1	738	1087.000	0.436
Subset 1	739	1088.000	0.436
Subset 1	740	1089.000	0.436
Subset 1	741	1090.000	0.436
Subset 1	742	1091.000	0.436
Subset 1	743	1092.000	0.436
Subset 1	744	1093.000	0.436
Subset 1	745	1094.000	0.436
Subset 1	746	1095.000	0.437
Subset 1	747	1096.000	0.437
Subset 1	748	1097.000	0.437
Subset 1	749	1098.000	0.437
Subset 1	750	1099.000	0.437
Subset 1	751	1100.000	0.438
Subset 1	752	1101.000	0.438
Subset 1	753	1102.000	0.438
Subset 1	754	1103.000	0.438
Subset 1	755	1104.000	0.438
Subset 1	756	1105.000	0.439
Subset 1	757	1106.000	0.439
Subset 1	758	1107.000	0.439
Subset 1	759	1108.000	0.440
Subset 1	760	1109.000	0.440
Subset 1	761	1110.000	0.440
Subset 1	762	1111.000	0.441
Subset 1	763	1112.000	0.441
Subset 1	764	1113.000	0.441
Subset 1	765	1114.000	0.442
Subset 1	766	1115.000	0.442
Subset 1	767	1116.000	0.442
Subset 1	768	1117.000	0.443
Subset 1	769	1118.000	0.443
Subset 1	770	1119.000	0.443
Subset 1	771	1120.000	0.444
Subset 1	772	1121.000	0.444
Subset 1	773	1122.000	0.445
Subset 1	774	1123.000	0.445
Subset 1	775	1124.000	0.446
Subset 1	776	1125.000	0.446
Subset 1	777	1126.000	0.446
Subset 1	778	1127.000	0.447
Subset 1	779	1128.000	0.447
Subset 1	780	1129.000	0.448
Subset 1	781	1130.000	0.448
Subset 1	782	1131.000	0.449
Subset 1	783	1132.000	0.449
Subset 1	784	1133.000	0.450
Subset 1	785	1134.000	0.450
Subset 1	786	1135.000	0.451
Subset 1	787	1136.000	0.451
Subset 1	788	1137.000	0.452
Subset 1	789	1138.000	0.452
Subset 1	790	1139.000	0.453
Subset 1	791	1140.000	0.453
Subset 1	792	1141.000	0.454
Subset 1	793	1142.000	0.454
Subset 1	794	1143.000	0.455
Subset 1	795	1144.000	0.455
Subset 1	796	1145.000	0.456
Subset 1	797	1146.000	0.456
Subset 1	798	1147.000	0.457
Subset 1	799	1148.000	0.457
Subset 1	800	1149.000	0.458
Subset 1	801	1150.000	0.458
Subset 1	802	1151.000	0.459
Subset 1	803	1152.000	0.459
Subset 1	804	1153.000	0.460
Subset 1	805	1154.000	0.460
Subset 1	806	1155.000	0.461
Subset 1	807	1156.000	0.461
Subset 1	808	1157.000	0.462
Subset 1	809	1158.000	0.462
Subset 1	810	1159.000	0.463
Subset 1	811	1160.000	0.463
Subset 1	812	1161.000	0.463
Subset 1	813	1162.000	0.464
Subset 1	814	1163.000	0.464
Subset 1	815	1164.000	0.465
Subset 1	816	1165.000	0.465
Subset 1	817	1166.000	0.466
Subset 1	818	1167.000	0.466
Subset 1	819	1168.000	0.467
Subset 1	820	1169.000	0.467
Subset 1	821	1170.000	0.468
Subset 1	822	1171.000	0.468
Subset 1	823	1172.000	0.468
Subset 1	824	1173.000	0.469
Subset 1	825	1174.000	0.469
Subset 1	826	1175.000	0.470
Subset 1	827	1176.000	0.470
Subset 1	828	1177.000	0.471
Subset 1	829	1178.000	0.471
Subset 1	830	1179.000	0.471
Subset 1	831	1180.000	0.472
Subset 1	832	1181.000	0.472
Subset 1	833	1182.000	0.473
Subset 1	834	1183.000	0.473
Subset 1	835	1184.000	0.473
Subset 1	836	1185.000	0.474
Subset 1	837	1186.000	0.474
Subset 1	838	1187.000	0.474
Subset 1	839	1188.000	0.475
Subset 1	840	1189.000	0.475
Subset 1	841	1190.000	0.475
Subset 1	842	1191.000	0.475
Subset 1	843	1192.000	0.476
Subset 1	844	1193.000	0.476
Subset 1	845	1194.000	0.476
Subset 1	846	1195.000	0.477
Subset 1	847	1196.000	0.477
Subset 1	848	1197.000	0.477
Subset 1	849	1198.000	0.477
Subset 1	850	1199.000	0.478
Subset 1	851	1200.000	0.478
Subset 1	852	1201.000	0.478
Subset 1	853	1202.000	0.478
Subset 1	854	1203.000	0.479
Subset 1	855	1204.000	0.479
Subset 1	856	1205.000	0.479
Subset 1	857	1206.000	0.479
Subset 1	858	1207.000	0.479
Subset 1	859	1208.000	0.480
Subset 1	860	1209.000	0.480
Subset 1	861	1210.000	0.480
Subset 1	862	1211.000	0.480
Subset 1	863	1212.000	0.480
Subset 1	864	1213.000	0.480
Subset 1	865	1214.000	0.481
Subset 1	866	1215.000	0.481
Subset 1	867	1216.000	0.481
Subset 1	868	1217.000	0.481
Subset 1	869	1218.000	0.481
Subset 1	870	1219.000	0.481
Subset 1	871	1220.000	0.481
Subset 1	872	1221.000	0.482
Subset 1	873	1222.000	0.482
Subset 1	874	1223.000	0.482
Subset 1	875	1224.000	0.482
Subset 1	876	1225.000	0.482
Subset 1	877	1226.000	0.482
Subset 1	878	1227.000	0.482
Subset 1	879	1228.000	0.482
Subset 1	880	1229.000	0.482
Subset 1	881	1230.000	0.482
Subset 1	882	1231.000	0.483
Subset 1	883	1232.000	0.483
Subset 1	884	1233.000	0.483
Subset 1	885	1234.000	0.483
Subset 1	886	1235.000	0.483
Subset 1	887	1236.000	0.483
Subset 1	888	1237.000	0.483
Subset 1	889	1238.000	0.483
Subset 1	890	1239.000	0.483
Subset 1	891	1240.000	0.484
Subset 1	892	1241.000	0.484
Subset 1	893	1242.000	0.484
Subset 1	894	1243.000	0.484
Subset 1	895	1244.000	0.484
Subset 1	896	1245.000	0.484
Subset 1	897	1246.000	0.484
Subset 1	898	1247.000	0.484
Subset 1	899	1248.000	0.485
Subset 1	900	1249.000	0.485
Subset 1	901	1250.000	0.485
Subset 1	902	1251.000	0.485
Subset 1	903	1252.000	0.485
Subset 1	904	1253.000	0.486
Subset 1	905	1254.000	0.486
Subset 1	906	1255.000	0.486
Subset 1	907	1256.000	0.486
Subset 1	908	1257.000	0.486
Subset 1	909	1258.000	0.487
Subset 1	910	1259.000	0.487
Subset 1	911	1260.000	0.487
Subset 1	912	1261.000	0.488
Subset 1	913	1262.000	0.488
Subset 1	914	1263.000	0.488
Subset 1	915	1264.000	0.488
Subset 1	916	1265.000	0.489
Subset 1	917	1266.000	0.489
Subset 1	918	1267.000	0.489
Subset 1	919	1268.000	0.490
Subset 1	920	1269.000	0.490
Subset 1	921	1270.000	0.490
Subset 1	922	1271.000	0.491
Subset 1	923	1272.000	0.491
Subset 1	924	1273.000	0.491
Subset 1	925	1274.000	0.491
Subset 1	926	1275.000	0.491
Subset 1	927	1276.000	0.491
Subset 1	928	1277.000	0.492
Subset 1	929	1278.000	0.492
Subset 1	930	1279.000	0.492
Subset 1	931	1280.000	0.492
Subset 1	932	1281.000	0.491
Subset 1	933	1282.000	0.491
Subset 1	934	1283.000	0.491
Subset 1	935	1284.000	0.491
Subset 1	936	1285.000	0.491
Subset 1	937	1286.000	0.491
Subset 1	938	1287.000	0.490
Subset 1	939	1288.000	0.490
Subset 1	940	1289.000	0.490
Subset 1	941	1290.000	0.489
Subset 1	942	1291.000	0.489
Subset 1	943	1292.000	0.489
Subset 1	944	1293.000	0.488
Subset 1	945	1294.000	0.488
Subset 1	946	1295.000	0.488
Subset 1	947	1296.000	0.487
Subset 1	948	1297.000	0.487
Subset 1	949	1298.000	0.486
Subset 1	950	1299.000	0.486
Subset 1	951	1300.000	0.486
Subset 1	952	1301.000	0.485
Subset 1	953	1302.000	0.485
Subset 1	954	1303.000	0.485
Subset 1	955	1304.000	0.485
Subset 1	956	1305.000	0.484
Subset 1	957	1306.000	0.484
Subset 1	958	1307.000	0.484
Subset 1	959	1308.000	0.483
Subset 1	960	1309.000	0.483
Subset 1	961	1310.000	0.483
Subset 1	962	1311.000	0.483
Subset 1	963	1312.000	0.483
Subset 1	964	1313.000	0.482
Subset 1	965	1314.000	0.482
Subset 1	966	1315.000	0.482
Subset 1	967	1316.000	0.482
Subset 1	968	1317.000	0.482
Subset 1	969	1318.000	0.482
Subset 1	970	1319.000	0.482
Subset 1	971	1320.000	0.482
Subset 1	972	1321.000	0.481
Subset 1	973	1322.000	0.481
Subset 1	974	1323.000	0.481
Subset 1	975	1324.000	0.481
Subset 1	976	1325.000	0.481
Subset 1	977	1326.000	0.481
Subset 1	978	1327.000	0.481
Subset 1	979	1328.000	0.481
Subset 1	980	1329.000	0.482
Subset 1	981	1330.000	0.482
Subset 1	982	1331.000	0.482
Subset 1	983	1332.000	0.482
Subset 1	984	1333.000	0.482
Subset 1	985	1334.000	0.482
Subset 1	986	1335.000	0.482
Subset 1	987	1336.000	0.483
Subset 1	988	1337.000	0.483
Subset 1	989	1338.000	0.483
Subset 1	990	1339.000	0.483
Subset 1	991	1340.000	0.483
Subset 1	992	1341.000	0.484
Subset 1	993	1342.000	0.484
Subset 1	994	1343.000	0.484
Subset 1	995	1344.000	0.484
Subset 1	996	1345.000	0.484
Subset 1	997	1346.000	0.485
Subset 1	998	1347.000	0.485
Subset 1	999	1348.000	0.485
Subset 1	1000	1349.000	0.484
Subset 1	1001	1350.000	0.484
Subset 1	1002	1351.000	0.484
Subset 1	1003	1352.000	0.484
Subset 1	1004	1353.000	0.484
Subset 1	1005	1354.000	0.484
Subset 1	1006	1355.000	0.484
Subset 1	1007	1356.000	0.484
Subset 1	1008	1357.000	0.484
Subset 1	1009	1358.000	0.484
Subset 1	1010	1359.000	0.484
Subset 1	1011	1360.000	0.484
Subset 1	1012	1361.000	0.484
Subset 1	1013	1362.000	0.485
Subset 1	1014	1363.000	0.485
Subset 1	1015	1364.000	0.485
Subset 1	1016	1365.000	0.486
Subset 1	1017	1366.000	0.486
Subset 1	1018	1367.000	0.486
Subset 1	1019	1368.000	0.487
Subset 1	1020	1369.000	0.487
Subset 1	1021	1370.000	0.487
Subset 1	1022	1371.000	0.487
Subset 1	1023	1372.000	0.487
Subset 1	1024	1373.000	0.487
Subset 1	1025	1374.000	0.488
Subset 1	1026	1375.000	0.488
Subset 1	1027	1376.000	0.487
Subset 1	1028	1377.000	0.487
Subset 1	1029	1378.000	0.487
Subset 1	1030	1379.000	0.487
Subset 1	1031	1380.000	0.486
Subset 1	1032	1381.000	0.486
Subset 1	1033	1382.000	0.485
Subset 1	1034	1383.000	0.484
Subset 1	1035	1384.000	0.483
Subset 1	1036	1385.000	0.481
Subset 1	1037	1386.000	0.480
Subset 1	1038	1387.000	0.478
Subset 1	1039	1388.000	0.475
Subset 1	1040	1389.000	0.473
Subset 1	1041	1390.000	0.470
Subset 1	1042	1391.000	0.467
Subset 1	1043	1392.000	0.465
Subset 1	1044	1393.000	0.462
Subset 1	1045	1394.000	0.460
Subset 1	1046	1395.000	0.458
Subset 1	1047	1396.000	0.456
Subset 1	1048	1397.000	0.454
Subset 1	1049	1398.000	0.452
Subset 1	1050	1399.000	0.451
Subset 1	1051	1400.000	0.450
Subset 1	1052	1401.000	0.448
Subset 1	1053	1402.000	0.447
Subset 1	1054	1403.000	0.446
Subset 1	1055	1404.000	0.445
Subset 1	1056	1405.000	0.444
Subset 1	1057	1406.000	0.442
Subset 1	1058	1407.000	0.441
Subset 1	1059	1408.000	0.439
Subset 1	1060	1409.000	0.437
Subset 1	1061	1410.000	0.435
Subset 1	1062	1411.000	0.433
Subset 1	1063	1412.000	0.432
Subset 1	1064	1413.000	0.431
Subset 1	1065	1414.000	0.431
Subset 1	1066	1415.000	0.432
Subset 1	1067	1416.000	0.434
Subset 1	1068	1417.000	0.437
Subset 1	1069	1418.000	0.441
Subset 1	1070	1419.000	0.445
Subset 1	1071	1420.000	0.450
Subset 1	1072	1421.000	0.454
Subset 1	1073	1422.000	0.458
Subset 1	1074	1423.000	0.462
Subset 1	1075	1424.000	0.465
Subset 1	1076	1425.000	0.468
Subset 1	1077	1426.000	0.470
Subset 1	1078	1427.000	0.473
Subset 1	1079	1428.000	0.475
Subset 1	1080	1429.000	0.477
Subset 1	1081	1430.000	0.478
Subset 1	1082	1431.000	0.480
Subset 1	1083	1432.000	0.481
Subset 1	1084	1433.000	0.483
Subset 1	1085	1434.000	0.484
Subset 1	1086	1435.000	0.485
Subset 1	1087	1436.000	0.486
Subset 1	1088	1437.000	0.486
Subset 1	1089	1438.000	0.487
Subset 1	1090	1439.000	0.488
Subset 1	1091	1440.000	0.488
Subset 1	1092	1441.000	0.489
Subset 1	1093	1442.000	0.489
Subset 1	1094	1443.000	0.490
Subset 1	1095	1444.000	0.490
Subset 1	1096	1445.000	0.490
Subset 1	1097	1446.000	0.491
Subset 1	1098	1447.000	0.491
Subset 1	1099	1448.000	0.491
Subset 1	1100	1449.000	0.491
Subset 1	1101	1450.000	0.492
Subset 1	1102	1451.000	0.492
Subset 1	1103	1452.000	0.492
Subset 1	1104	1453.000	0.492
Subset 1	1105	1454.000	0.492
Subset 1	1106	1455.000	0.493
Subset 1	1107	1456.000	0.493
Subset 1	1108	1457.000	0.493
Subset 1	1109	1458.000	0.493
Subset 1	1110	1459.000	0.493
Subset 1	1111	1460.000	0.493
Subset 1	1112	1461.000	0.493
Subset 1	1113	1462.000	0.493
Subset 1	1114	1463.000	0.493
Subset 1	1115	1464.000	0.493
Subset 1	1116	1465.000	0.494
Subset 1	1117	1466.000	0.494
Subset 1	1118	1467.000	0.494
Subset 1	1119	1468.000	0.494
Subset 1	1120	1469.000	0.494
Subset 1	1121	1470.000	0.494
Subset 1	1122	1471.000	0.494
Subset 1	1123	1472.000	0.494
Subset 1	1124	1473.000	0.495
Subset 1	1125	1474.000	0.495
Subset 1	1126	1475.000	0.495
Subset 1	1127	1476.000	0.495
Subset 1	1128	1477.000	0.495
Subset 1	1129	1478.000	0.495
Subset 1	1130	1479.000	0.495
Subset 1	1131	1480.000	0.496
Subset 1	1132	1481.000	0.496
Subset 1	1133	1482.000	0.496
Subset 1	1134	1483.000	0.496
Subset 1	1135	1484.000	0.496
Subset 1	1136	1485.000	0.496
Subset 1	1137	1486.000	0.496
Subset 1	1138	1487.000	0.497
Subset 1	1139	1488.000	0.497
Subset 1	1140	1489.000	0.497
Subset 1	1141	1490.000	0.497
Subset 1	1142	1491.000	0.497
Subset 1	1143	1492.000	0.497
Subset 1	1144	1493.000	0.497
Subset 1	1145	1494.000	0.497
Subset 1	1146	1495.000	0.497
Subset 1	1147	1496.000	0.497
Subset 1	1148	1497.000	0.498
Subset 1	1149	1498.000	0.498
Subset 1	1150	1499.000	0.498
Subset 1	1151	1500.000	0.498
Subset 1	1152	1501.000	0.498
Subset 1	1153	1502.000	0.498
Subset 1	1154	1503.000	0.498
Subset 1	1155	1504.000	0.498
Subset 1	1156	1505.000	0.498
Subset 1	1157	1506.000	0.498
Subset 1	1158	1507.000	0.498
Subset 1	1159	1508.000	0.499
Subset 1	1160	1509.000	0.499
Subset 1	1161	1510.000	0.499
Subset 1	1162	1511.000	0.499
Subset 1	1163	1512.000	0.499
Subset 1	1164	1513.000	0.499
Subset 1	1165	1514.000	0.499
Subset 1	1166	1515.000	0.499
Subset 1	1167	1516.000	0.499
Subset 1	1168	1517.000	0.499
Subset 1	1169	1518.000	0.499
Subset 1	1170	1519.000	0.499
Subset 1	1171	1520.000	0.500
Subset 1	1172	1521.000	0.500
Subset 1	1173	1522.000	0.500
Subset 1	1174	1523.000	0.500
Subset 1	1175	1524.000	0.500
Subset 1	1176	1525.000	0.500
Subset 1	1177	1526.000	0.500
Subset 1	1178	1527.000	0.500
Subset 1	1179	1528.000	0.500
Subset 1	1180	1529.000	0.500
Subset 1	1181	1530.000	0.500
Subset 1	1182	1531.000	0.500
Subset 1	1183	1532.000	0.500
Subset 1	1184	1533.000	0.500
Subset 1	1185	1534.000	0.500
Subset 1	1186	1535.000	0.500
Subset 1	1187	1536.000	0.501
Subset 1	1188	1537.000	0.501
Subset 1	1189	1538.000	0.501
Subset 1	1190	1539.000	0.501
Subset 1	1191	1540.000	0.501
Subset 1	1192	1541.000	0.501
Subset 1	1193	1542.000	0.501
Subset 1	1194	1543.000	0.501
Subset 1	1195	1544.000	0.501
Subset 1	1196	1545.000	0.501
Subset 1	1197	1546.000	0.501
Subset 1	1198	1547.000	0.501
Subset 1	1199	1548.000	0.501
Subset 1	1200	1549.000	0.501
Subset 1	1201	1550.000	0.501
Subset 1	1202	1551.000	0.501
Subset 1	1203	1552.000	0.501
Subset 1	1204	1553.000	0.501
Subset 1	1205	1554.000	0.501
Subset 1	1206	1555.000	0.501
Subset 1	1207	1556.000	0.501
Subset 1	1208	1557.000	0.501
Subset 1	1209	1558.000	0.502
Subset 1	1210	1559.000	0.502
Subset 1	1211	1560.000	0.502
Subset 1	1212	1561.000	0.502
Subset 1	1213	1562.000	0.502
Subset 1	1214	1563.000	0.502
Subset 1	1215	1564.000	0.502
Subset 1	1216	1565.000	0.502
Subset 1	1217	1566.000	0.502
Subset 1	1218	1567.000	0.502
Subset 1	1219	1568.000	0.502
Subset 1	1220	1569.000	0.502
Subset 1	1221	1570.000	0.502
Subset 1	1222	1571.000	0.502
Subset 1	1223	1572.000	0.502
Subset 1	1224	1573.000	0.502
Subset 1	1225	1574.000	0.502
Subset 1	1226	1575.000	0.503
Subset 1	1227	1576.000	0.503
Subset 1	1228	1577.000	0.503
Subset 1	1229	1578.000	0.503
Subset 1	1230	1579.000	0.503
Subset 1	1231	1580.000	0.503
Subset 1	1232	1581.000	0.503
Subset 1	1233	1582.000	0.503
Subset 1	1234	1583.000	0.503
Subset 1	1235	1584.000	0.503
Subset 1	1236	1585.000	0.503
Subset 1	1237	1586.000	0.503
Subset 1	1238	1587.000	0.503
Subset 1	1239	1588.000	0.503
Subset 1	1240	1589.000	0.503
Subset 1	1241	1590.000	0.503
Subset 1	1242	1591.000	0.503
Subset 1	1243	1592.000	0.503
Subset 1	1244	1593.000	0.503
Subset 1	1245	1594.000	0.503
Subset 1	1246	1595.000	0.503
Subset 1	1247	1596.000	0.503
Subset 1	1248	1597.000	0.503
Subset 1	1249	1598.000	0.503
Subset 1	1250	1599.000	0.503
Subset 1	1251	1600.000	0.504
Subset 1	1252	1601.000	0.504
Subset 1	1253	1602.000	0.504
Subset 1	1254	1603.000	0.504
Subset 1	1255	1604.000	0.504
Subset 1	1256	1605.000	0.504
Subset 1	1257	1606.000	0.504
Subset 1	1258	1607.000	0.504
Subset 1	1259	1608.000	0.504
Subset 1	1260	1609.000	0.504
Subset 1	1261	1610.000	0.504
Subset 1	1262	1611.000	0.504
Subset 1	1263	1612.000	0.504
Subset 1	1264	1613.000	0.504
Subset 1	1265	1614.000	0.504
Subset 1	1266	1615.000	0.504
Subset 1	1267	1616.000	0.504
Subset 1	1268	1617.000	0.504
Subset 1	1269	1618.000	0.504
Subset 1	1270	1619.000	0.504
Subset 1	1271	1620.000	0.504
Subset 1	1272	1621.000	0.504
Subset 1	1273	1622.000	0.504
Subset 1	1274	1623.000	0.504
Subset 1	1275	1624.000	0.504
Subset 1	1276	1625.000	0.504
Subset 1	1277	1626.000	0.504
Subset 1	1278	1627.000	0.504
Subset 1	1279	1628.000	0.504
Subset 1	1280	1629.000	0.504
Subset 1	1281	1630.000	0.504
Subset 1	1282	1631.000	0.504
Subset 1	1283	1632.000	0.504
Subset 1	1284	1633.000	0.504
Subset 1	1285	1634.000	0.504
Subset 1	1286	1635.000	0.504
Subset 1	1287	1636.000	0.504
Subset 1	1288	1637.000	0.504
Subset 1	1289	1638.000	0.504
Subset 1	1290	1639.000	0.504
Subset 1	1291	1640.000	0.504
Subset 1	1292	1641.000	0.504
Subset 1	1293	1642.000	0.504
Subset 1	1294	1643.000	0.504
Subset 1	1295	1644.000	0.504
Subset 1	1296	1645.000	0.504
Subset 1	1297	1646.000	0.504
Subset 1	1298	1647.000	0.504
Subset 1	1299	1648.000	0.504
Subset 1	1300	1649.000	0.504
Subset 1	1301	1650.000	0.504
Subset 1	1302	1651.000	0.504
Subset 1	1303	1652.000	0.505
Subset 1	1304	1653.000	0.505
Subset 1	1305	1654.000	0.505
Subset 1	1306	1655.000	0.505
Subset 1	1307	1656.000	0.505
Subset 1	1308	1657.000	0.505
Subset 1	1309	1658.000	0.505
Subset 1	1310	1659.000	0.505
Subset 1	1311	1660.000	0.505
Subset 1	1312	1661.000	0.505
Subset 1	1313	1662.000	0.505
Subset 1	1314	1663.000	0.505
Subset 1	1315	1664.000	0.505
Subset 1	1316	1665.000	0.505
Subset 1	1317	1666.000	0.505
Subset 1	1318	1667.000	0.505
Subset 1	1319	1668.000	0.505
Subset 1	1320	1669.000	0.505
Subset 1	1321	1670.000	0.505
Subset 1	1322	1671.000	0.505
Subset 1	1323	1672.000	0.505
Subset 1	1324	1673.000	0.505
Subset 1	1325	1674.000	0.505
Subset 1	1326	1675.000	0.506
Subset 1	1327	1676.000	0.506
Subset 1	1328	1677.000	0.506
Subset 1	1329	1678.000	0.506
Subset 1	1330	1679.000	0.506
Subset 1	1331	1680.000	0.506
Subset 1	1332	1681.000	0.506
Subset 1	1333	1682.000	0.506
Subset 1	1334	1683.000	0.506
Subset 1	1335	1684.000	0.506
Subset 1	1336	1685.000	0.506
Subset 1	1337	1686.000	0.506
Subset 1	1338	1687.000	0.506
Subset 1	1339	1688.000	0.506
Subset 1	1340	1689.000	0.506
Subset 1	1341	1690.000	0.506
Subset 1	1342	1691.000	0.506
Subset 1	1343	1692.000	0.506
Subset 1	1344	1693.000	0.506
Subset 1	1345	1694.000	0.506
Subset 1	1346	1695.000	0.506
Subset 1	1347	1696.000	0.506
Subset 1	1348	1697.000	0.507
Subset 1	1349	1698.000	0.507
Subset 1	1350	1699.000	0.507
Subset 1	1351	1700.000	0.507
Subset 1	1352	1701.000	0.507
Subset 1	1353	1702.000	0.507
Subset 1	1354	1703.000	0.507
Subset 1	1355	1704.000	0.507
Subset 1	1356	1705.000	0.507
Subset 1	1357	1706.000	0.507
Subset 1	1358	1707.000	0.507
Subset 1	1359	1708.000	0.507
Subset 1	1360	1709.000	0.507
Subset 1	1361	1710.000	0.507
Subset 1	1362	1711.000	0.507
Subset 1	1363	1712.000	0.507
Subset 1	1364	1713.000	0.507
Subset 1	1365	1714.000	0.507
Subset 1	1366	1715.000	0.507
Subset 1	1367	1716.000	0.507
Subset 1	1368	1717.000	0.507
Subset 1	1369	1718.000	0.507
Subset 1	1370	1719.000	0.507
Subset 1	1371	1720.000	0.507
Subset 1	1372	1721.000	0.507
Subset 1	1373	1722.000	0.507
Subset 1	1374	1723.000	0.507
Subset 1	1375	1724.000	0.507
Subset 1	1376	1725.000	0.507
Subset 1	1377	1726.000	0.507
Subset 1	1378	1727.000	0.507
Subset 1	1379	1728.000	0.507
Subset 1	1380	1729.000	0.507
Subset 1	1381	1730.000	0.507
Subset 1	1382	1731.000	0.507
Subset 1	1383	1732.000	0.507
Subset 1	1384	1733.000	0.507
Subset 1	1385	1734.000	0.507
Subset 1	1386	1735.000	0.507
Subset 1	1387	1736.000	0.507
Subset 1	1388	1737.000	0.507
Subset 1	1389	1738.000	0.507
Subset 1	1390	1739.000	0.507
Subset 1	1391	1740.000	0.507
Subset 1	1392	1741.000	0.507
Subset 1	1393	1742.000	0.507
Subset 1	1394	1743.000	0.506
Subset 1	1395	1744.000	0.506
Subset 1	1396	1745.000	0.506
Subset 1	1397	1746.000	0.506
Subset 1	1398	1747.000	0.506
Subset 1	1399	1748.000	0.506
Subset 1	1400	1749.000	0.506
Subset 1	1401	1750.000	0.506
Subset 1	1402	1751.000	0.506
Subset 1	1403	1752.000	0.506
Subset 1	1404	1753.000	0.506
Subset 1	1405	1754.000	0.506
Subset 1	1406	1755.000	0.506
Subset 1	1407	1756.000	0.506
Subset 1	1408	1757.000	0.506
Subset 1	1409	1758.000	0.506
Subset 1	1410	1759.000	0.506
Subset 1	1411	1760.000	0.506
Subset 1	1412	1761.000	0.506
Subset 1	1413	1762.000	0.506
Subset 1	1414	1763.000	0.506
Subset 1	1415	1764.000	0.506
Subset 1	1416	1765.000	0.506
Subset 1	1417	1766.000	0.506
Subset 1	1418	1767.000	0.506
Subset 1	1419	1768.000	0.506
Subset 1	1420	1769.000	0.505
Subset 1	1421	1770.000	0.505
Subset 1	1422	1771.000	0.506
Subset 1	1423	1772.000	0.506
Subset 1	1424	1773.000	0.506
Subset 1	1425	1774.000	0.506
Subset 1	1426	1775.000	0.505
Subset 1	1427	1776.000	0.505
Subset 1	1428	1777.000	0.505
Subset 1	1429	1778.000	0.505
Subset 1	1430	1779.000	0.505
Subset 1	1431	1780.000	0.505
Subset 1	1432	1781.000	0.505
Subset 1	1433	1782.000	0.505
Subset 1	1434	1783.000	0.505
Subset 1	1435	1784.000	0.505
Subset 1	1436	1785.000	0.505
Subset 1	1437	1786.000	0.505
Subset 1	1438	1787.000	0.505
Subset 1	1439	1788.000	0.505
Subset 1	1440	1789.000	0.505
Subset 1	1441	1790.000	0.505
Subset 1	1442	1791.000	0.506
Subset 1	1443	1792.000	0.506
Subset 1	1444	1793.000	0.506
Subset 1	1445	1794.000	0.506
Subset 1	1446	1795.000	0.506
Subset 1	1447	1796.000	0.506
Subset 1	1448	1797.000	0.506
Subset 1	1449	1798.000	0.506
Subset 1	1450	1799.000	0.506
Subset 1	1451	1800.000	0.506
Subset 1	1452	1801.000	0.502
Subset 1	1453	1802.000	0.502
Subset 1	1454	1803.000	0.502
Subset 1	1455	1804.000	0.502
Subset 1	1456	1805.000	0.502
Subset 1	1457	1806.000	0.502
Subset 1	1458	1807.000	0.502
Subset 1	1459	1808.000	0.502
Subset 1	1460	1809.000	0.502
Subset 1	1461	1810.000	0.502
Subset 1	1462	1811.000	0.502
Subset 1	1463	1812.000	0.502
Subset 1	1464	1813.000	0.501
Subset 1	1465	1814.000	0.501
Subset 1	1466	1815.000	0.501
Subset 1	1467	1816.000	0.501
Subset 1	1468	1817.000	0.501
Subset 1	1469	1818.000	0.501
Subset 1	1470	1819.000	0.501
Subset 1	1471	1820.000	0.501
Subset 1	1472	1821.000	0.501
Subset 1	1473	1822.000	0.501
Subset 1	1474	1823.000	0.501
Subset 1	1475	1824.000	0.501
Subset 1	1476	1825.000	0.501
Subset 1	1477	1826.000	0.501
Subset 1	1478	1827.000	0.501
Subset 1	1479	1828.000	0.501
Subset 1	1480	1829.000	0.501
Subset 1	1481	1830.000	0.501
Subset 1	1482	1831.000	0.501
Subset 1	1483	1832.000	0.501
Subset 1	1484	1833.000	0.501
Subset 1	1485	1834.000	0.501
Subset 1	1486	1835.000	0.501
Subset 1	1487	1836.000	0.501
Subset 1	1488	1837.000	0.501
Subset 1	1489	1838.000	0.501
Subset 1	1490	1839.000	0.501
Subset 1	1491	1840.000	0.501
Subset 1	1492	1841.000	0.501
Subset 1	1493	1842.000	0.501
Subset 1	1494	1843.000	0.500
Subset 1	1495	1844.000	0.500
Subset 1	1496	1845.000	0.500
Subset 1	1497	1846.000	0.500
Subset 1	1498	1847.000	0.500
Subset 1	1499	1848.000	0.500
Subset 1	1500	1849.000	0.501
Subset 1	1501	1850.000	0.501
Subset 1	1502	1851.000	0.501
Subset 1	1503	1852.000	0.501
Subset 1	1504	1853.000	0.501
Subset 1	1505	1854.000	0.501
Subset 1	1506	1855.000	0.501
Subset 1	1507	1856.000	0.501
Subset 1	1508	1857.000	0.501
Subset 1	1509	1858.000	0.500
Subset 1	1510	1859.000	0.500
Subset 1	1511	1860.000	0.500
Subset 1	1512	1861.000	0.500
Subset 1	1513	1862.000	0.500
Subset 1	1514	1863.000	0.499
Subset 1	1515	1864.000	0.499
Subset 1	1516	1865.000	0.499
Subset 1	1517	1866.000	0.498
Subset 1	1518	1867.000	0.498
Subset 1	1519	1868.000	0.497
Subset 1	1520	1869.000	0.496
Subset 1	1521	1870.000	0.496
Subset 1	1522	1871.000	0.495
Subset 1	1523	1872.000	0.494
Subset 1	1524	1873.000	0.494
Subset 1	1525	1874.000	0.493
Subset 1	1526	1875.000	0.492
Subset 1	1527	1876.000	0.492
Subset 1	1528	1877.000	0.491
Subset 1	1529	1878.000	0.490
Subset 1	1530	1879.000	0.489
Subset 1	1531	1880.000	0.488
Subset 1	1532	1881.000	0.487
Subset 1	1533	1882.000	0.486
Subset 1	1534	1883.000	0.485
Subset 1	1535	1884.000	0.484
Subset 1	1536	1885.000	0.483
Subset 1	1537	1886.000	0.482
Subset 1	1538	1887.000	0.482
Subset 1	1539	1888.000	0.481
Subset 1	1540	1889.000	0.479
Subset 1	1541	1890.000	0.478
Subset 1	1542	1891.000	0.477
Subset 1	1543	1892.000	0.476
Subset 1	1544	1893.000	0.475
Subset 1	1545	1894.000	0.473
Subset 1	1546	1895.000	0.472
Subset 1	1547	1896.000	0.470
Subset 1	1548	1897.000	0.469
Subset 1	1549	1898.000	0.467
Subset 1	1550	1899.000	0.465
Subset 1	1551	1900.000	0.464
Subset 1	1552	1901.000	0.462
Subset 1	1553	1902.000	0.461
Subset 1	1554	1903.000	0.460
Subset 1	1555	1904.000	0.458
Subset 1	1556	1905.000	0.457
Subset 1	1557	1906.000	0.457
Subset 1	1558	1907.000	0.456
Subset 1	1559	1908.000	0.455
Subset 1	1560	1909.000	0.455
Subset 1	1561	1910.000	0.454
Subset 1	1562	1911.000	0.454
Subset 1	1563	1912.000	0.454
Subset 1	1564	1913.000	0.454
Subset 1	1565	1914.000	0.454
Subset 1	1566	1915.000	0.454
Subset 1	1567	1916.000	0.454
Subset 1	1568	1917.000	0.455
Subset 1	1569	1918.000	0.455
Subset 1	1570	1919.000	0.455
Subset 1	1571	1920.000	0.456
Subset 1	1572	1921.000	0.456
Subset 1	1573	1922.000	0.457
Subset 1	1574	1923.000	0.457
Subset 1	1575	1924.000	0.457
Subset 1	1576	1925.000	0.458
Subset 1	1577	1926.000	0.458
Subset 1	1578	1927.000	0.458
Subset 1	1579	1928.000	0.459
Subset 1	1580	1929.000	0.459
Subset 1	1581	1930.000	0.459
Subset 1	1582	1931.000	0.460
Subset 1	1583	1932.000	0.460
Subset 1	1584	1933.000	0.460
Subset 1	1585	1934.000	0.460
Subset 1	1586	1935.000	0.461
Subset 1	1587	1936.000	0.461
Subset 1	1588	1937.000	0.461
Subset 1	1589	1938.000	0.461
Subset 1	1590	1939.000	0.462
Subset 1	1591	1940.000	0.462
Subset 1	1592	1941.000	0.462
Subset 1	1593	1942.000	0.462
Subset 1	1594	1943.000	0.462
Subset 1	1595	1944.000	0.463
Subset 1	1596	1945.000	0.463
Subset 1	1597	1946.000	0.463
Subset 1	1598	1947.000	0.463
Subset 1	1599	1948.000	0.464
Subset 1	1600	1949.000	0.464
Subset 1	1601	1950.000	0.464
Subset 1	1602	1951.000	0.464
Subset 1	1603	1952.000	0.465
Subset 1	1604	1953.000	0.465
Subset 1	1605	1954.000	0.465
Subset 1	1606	1955.000	0.465
Subset 1	1607	1956.000	0.465
Subset 1	1608	1957.000	0.466
Subset 1	1609	1958.000	0.466
Subset 1	1610	1959.000	0.466
Subset 1	1611	1960.000	0.466
Subset 1	1612	1961.000	0.467
Subset 1	1613	1962.000	0.467
Subset 1	1614	1963.000	0.467
Subset 1	1615	1964.000	0.467
Subset 1	1616	1965.000	0.467
Subset 1	1617	1966.000	0.468
Subset 1	1618	1967.000	0.468
Subset 1	1619	1968.000	0.468
Subset 1	1620	1969.000	0.468
Subset 1	1621	1970.000	0.468
Subset 1	1622	1971.000	0.469
Subset 1	1623	1972.000	0.469
Subset 1	1624	1973.000	0.469
Subset 1	1625	1974.000	0.469
Subset 1	1626	1975.000	0.469
Subset 1	1627	1976.000	0.469
Subset 1	1628	1977.000	0.470
Subset 1	1629	1978.000	0.470
Subset 1	1630	1979.000	0.470
Subset 1	1631	1980.000	0.470
Subset 1	1632	1981.000	0.470
Subset 1	1633	1982.000	0.471
Subset 1	1634	1983.000	0.471
Subset 1	1635	1984.000	0.471
Subset 1	1636	1985.000	0.471
Subset 1	1637	1986.000	0.471
Subset 1	1638	1987.000	0.472
Subset 1	1639	1988.000	0.472
Subset 1	1640	1989.000	0.472
Subset 1	1641	1990.000	0.472
Subset 1	1642	1991.000	0.472
Subset 1	1643	1992.000	0.473
Subset 1	1644	1993.000	0.473
Subset 1	1645	1994.000	0.473
Subset 1	1646	1995.000	0.473
Subset 1	1647	1996.000	0.473
Subset 1	1648	1997.000	0.474
Subset 1	1649	1998.000	0.474
Subset 1	1650	1999.000	0.474
Subset 1	1651	2000.000	0.474
Subset 1	1652	2001.000	0.474
Subset 1	1653	2002.000	0.474
Subset 1	1654	2003.000	0.475
Subset 1	1655	2004.000	0.475
Subset 1	1656	2005.000	0.475
Subset 1	1657	2006.000	0.475
Subset 1	1658	2007.000	0.476
Subset 1	1659	2008.000	0.476
Subset 1	1660	2009.000	0.476
Subset 1	1661	2010.000	0.476
Subset 1	1662	2011.000	0.477
Subset 1	1663	2012.000	0.477
Subset 1	1664	2013.000	0.477
Subset 1	1665	2014.000	0.477
Subset 1	1666	2015.000	0.478
Subset 1	1667	2016.000	0.478
Subset 1	1668	2017.000	0.478
Subset 1	1669	2018.000	0.479
Subset 1	1670	2019.000	0.479
Subset 1	1671	2020.000	0.479
Subset 1	1672	2021.000	0.480
Subset 1	1673	2022.000	0.480
Subset 1	1674	2023.000	0.480
Subset 1	1675	2024.000	0.481
Subset 1	1676	2025.000	0.481
Subset 1	1677	2026.000	0.481
Subset 1	1678	2027.000	0.481
Subset 1	1679	2028.000	0.482
Subset 1	1680	2029.000	0.482
Subset 1	1681	2030.000	0.482
Subset 1	1682	2031.000	0.482
Subset 1	1683	2032.000	0.483
Subset 1	1684	2033.000	0.483
Subset 1	1685	2034.000	0.483
Subset 1	1686	2035.000	0.483
Subset 1	1687	2036.000	0.484
Subset 1	1688	2037.000	0.484
Subset 1	1689	2038.000	0.484
Subset 1	1690	2039.000	0.484
Subset 1	1691	2040.000	0.484
Subset 1	1692	2041.000	0.485
Subset 1	1693	2042.000	0.485
Subset 1	1694	2043.000	0.485
Subset 1	1695	2044.000	0.485
Subset 1	1696	2045.000	0.485
Subset 1	1697	2046.000	0.485
Subset 1	1698	2047.000	0.485
Subset 1	1699	2048.000	0.485
Subset 1	1700	2049.000	0.485
Subset 1	1701	2050.000	0.486
Subset 1	1702	2051.000	0.486
Subset 1	1703	2052.000	0.486
Subset 1	1704	2053.000	0.486
Subset 1	1705	2054.000	0.486
Subset 1	1706	2055.000	0.486
Subset 1	1707	2056.000	0.486
Subset 1	1708	2057.000	0.486
Subset 1	1709	2058.000	0.486
Subset 1	1710	2059.000	0.486
Subset 1	1711	2060.000	0.486
Subset 1	1712	2061.000	0.486
Subset 1	1713	2062.000	0.486
Subset 1	1714	2063.000	0.486
Subset 1	1715	2064.000	0.486
Subset 1	1716	2065.000	0.486
Subset 1	1717	2066.000	0.485
Subset 1	1718	2067.000	0.485
Subset 1	1719	2068.000	0.485
Subset 1	1720	2069.000	0.485
Subset 1	1721	2070.000	0.485
Subset 1	1722	2071.000	0.485
Subset 1	1723	2072.000	0.485
Subset 1	1724	2073.000	0.485
Subset 1	1725	2074.000	0.485
Subset 1	1726	2075.000	0.484
Subset 1	1727	2076.000	0.484
Subset 1	1728	2077.000	0.484
Subset 1	1729	2078.000	0.484
Subset 1	1730	2079.000	0.484
Subset 1	1731	2080.000	0.484
Subset 1	1732	2081.000	0.483
Subset 1	1733	2082.000	0.483
Subset 1	1734	2083.000	0.483
Subset 1	1735	2084.000	0.483
Subset 1	1736	2085.000	0.482
Subset 1	1737	2086.000	0.482
Subset 1	1738	2087.000	0.482
Subset 1	1739	2088.000	0.482
Subset 1	1740	2089.000	0.481
Subset 1	1741	2090.000	0.481
Subset 1	1742	2091.000	0.481
Subset 1	1743	2092.000	0.481
Subset 1	1744	2093.000	0.480
Subset 1	1745	2094.000	0.480
Subset 1	1746	2095.000	0.480
Subset 1	1747	2096.000	0.480
Subset 1	1748	2097.000	0.480
Subset 1	1749	2098.000	0.480
Subset 1	1750	2099.000	0.479
Subset 1	1751	2100.000	0.479
Subset 1	1752	2101.000	0.479
Subset 1	1753	2102.000	0.479
Subset 1	1754	2103.000	0.479
Subset 1	1755	2104.000	0.478
Subset 1	1756	2105.000	0.478
Subset 1	1757	2106.000	0.478
Subset 1	1758	2107.000	0.478
Subset 1	1759	2108.000	0.477
Subset 1	1760	2109.000	0.477
Subset 1	1761	2110.000	0.477
Subset 1	1762	2111.000	0.477
Subset 1	1763	2112.000	0.476
Subset 1	1764	2113.000	0.476
Subset 1	1765	2114.000	0.476
Subset 1	1766	2115.000	0.476
Subset 1	1767	2116.000	0.476
Subset 1	1768	2117.000	0.476
Subset 1	1769	2118.000	0.476
Subset 1	1770	2119.000	0.476
Subset 1	1771	2120.000	0.477
Subset 1	1772	2121.000	0.477
Subset 1	1773	2122.000	0.477
Subset 1	1774	2123.000	0.477
Subset 1	1775	2124.000	0.477
Subset 1	1776	2125.000	0.477
Subset 1	1777	2126.000	0.477
Subset 1	1778	2127.000	0.477
Subset 1	1779	2128.000	0.477
Subset 1	1780	2129.000	0.477
Subset 1	1781	2130.000	0.477
Subset 1	1782	2131.000	0.477
Subset 1	1783	2132.000	0.477
Subset 1	1784	2133.000	0.477
Subset 1	1785	2134.000	0.476
Subset 1	1786	2135.000	0.476
Subset 1	1787	2136.000	0.476
Subset 1	1788	2137.000	0.475
Subset 1	1789	2138.000	0.474
Subset 1	1790	2139.000	0.474
Subset 1	1791	2140.000	0.473
Subset 1	1792	2141.000	0.472
Subset 1	1793	2142.000	0.471
Subset 1	1794	2143.000	0.469
Subset 1	1795	2144.000	0.468
Subset 1	1796	2145.000	0.466
Subset 1	1797	2146.000	0.465
Subset 1	1798	2147.000	0.463
Subset 1	1799	2148.000	0.461
Subset 1	1800	2149.000	0.459
Subset 1	1801	2150.000	0.457
Subset 1	1802	2151.000	0.455
Subset 1	1803	2152.000	0.453
Subset 1	1804	2153.000	0.451
Subset 1	1805	2154.000	0.449
Subset 1	1806	2155.000	0.448
Subset 1	1807	2156.000	0.446
Subset 1	1808	2157.000	0.445
Subset 1	1809	2158.000	0.443
Subset 1	1810	2159.000	0.442
Subset 1	1811	2160.000	0.441
Subset 1	1812	2161.000	0.440
Subset 1	1813	2162.000	0.439
Subset 1	1814	2163.000	0.438
Subset 1	1815	2164.000	0.438
Subset 1	1816	2165.000	0.437
Subset 1	1817	2166.000	0.437
Subset 1	1818	2167.000	0.437
Subset 1	1819	2168.000	0.436
Subset 1	1820	2169.000	0.436
Subset 1	1821	2170.000	0.436
Subset 1	1822	2171.000	0.435
Subset 1	1823	2172.000	0.435
Subset 1	1824	2173.000	0.435
Subset 1	1825	2174.000	0.434
Subset 1	1826	2175.000	0.434
Subset 1	1827	2176.000	0.433
Subset 1	1828	2177.000	0.432
Subset 1	1829	2178.000	0.432
Subset 1	1830	2179.000	0.431
Subset 1	1831	2180.000	0.430
Subset 1	1832	2181.000	0.429
Subset 1	1833	2182.000	0.427
Subset 1	1834	2183.000	0.426
Subset 1	1835	2184.000	0.424
Subset 1	1836	2185.000	0.422
Subset 1	1837	2186.000	0.421
Subset 1	1838	2187.000	0.419
Subset 1	1839	2188.000	0.417
Subset 1	1840	2189.000	0.415
Subset 1	1841	2190.000	0.413
Subset 1	1842	2191.000	0.411
Subset 1	1843	2192.000	0.409
Subset 1	1844	2193.000	0.408
Subset 1	1845	2194.000	0.406
Subset 1	1846	2195.000	0.404
Subset 1	1847	2196.000	0.403
Subset 1	1848	2197.000	0.401
Subset 1	1849	2198.000	0.400
Subset 1	1850	2199.000	0.398
Subset 1	1851	2200.000	0.396
Subset 1	1852	2201.000	0.393
Subset 1	1853	2202.000	0.391
Subset 1	1854	2203.000	0.388
Subset 1	1855	2204.000	0.386
Subset 1	1856	2205.000	0.383
Subset 1	1857	2206.000	0.381
Subset 1	1858	2207.000	0.380
Subset 1	1859	2208.000	0.379
Subset 1	1860	2209.000	0.379
Subset 1	1861	2210.000	0.380
Subset 1	1862	2211.000	0.382
Subset 1	1863	2212.000	0.385
Subset 1	1864	2213.000	0.388
Subset 1	1865	2214.000	0.391
Subset 1	1866	2215.000	0.395
Subset 1	1867	2216.000	0.399
Subset 1	1868	2217.000	0.402
Subset 1	1869	2218.000	0.405
Subset 1	1870	2219.000	0.408
Subset 1	1871	2220.000	0.410
Subset 1	1872	2221.000	0.413
Subset 1	1873	2222.000	0.415
Subset 1	1874	2223.000	0.417
Subset 1	1875	2224.000	0.419
Subset 1	1876	2225.000	0.421
Subset 1	1877	2226.000	0.422
Subset 1	1878	2227.000	0.424
Subset 1	1879	2228.000	0.426
Subset 1	1880	2229.000	0.427
Subset 1	1881	2230.000	0.429
Subset 1	1882	2231.000	0.430
Subset 1	1883	2232.000	0.432
Subset 1	1884	2233.000	0.433
Subset 1	1885	2234.000	0.434
Subset 1	1886	2235.000	0.435
Subset 1	1887	2236.000	0.436
Subset 1	1888	2237.000	0.437
Subset 1	1889	2238.000	0.438
Subset 1	1890	2239.000	0.439
Subset 1	1891	2240.000	0.440
Subset 1	1892	2241.000	0.441
Subset 1	1893	2242.000	0.441
Subset 1	1894	2243.000	0.442
Subset 1	1895	2244.000	0.443
Subset 1	1896	2245.000	0.443
Subset 1	1897	2246.000	0.444
Subset 1	1898	2247.000	0.444
Subset 1	1899	2248.000	0.445
Subset 1	1900	2249.000	0.445
Subset 1	1901	2250.000	0.446
Subset 1	1902	2251.000	0.446
Subset 1	1903	2252.000	0.446
Subset 1	1904	2253.000	0.447
Subset 1	1905	2254.000	0.447
Subset 1	1906	2255.000	0.448
Subset 1	1907	2256.000	0.448
Subset 1	1908	2257.000	0.448
Subset 1	1909	2258.000	0.449
Subset 1	1910	2259.000	0.449
Subset 1	1911	2260.000	0.449
Subset 1	1912	2261.000	0.449
Subset 1	1913	2262.000	0.450
Subset 1	1914	2263.000	0.450
Subset 1	1915	2264.000	0.450
Subset 1	1916	2265.000	0.450
Subset 1	1917	2266.000	0.450
Subset 1	1918	2267.000	0.450
Subset 1	1919	2268.000	0.451
Subset 1	1920	2269.000	0.451
Subset 1	1921	2270.000	0.451
Subset 1	1922	2271.000	0.451
Subset 1	1923	2272.000	0.450
Subset 1	1924	2273.000	0.450
Subset 1	1925	2274.000	0.450
Subset 1	1926	2275.000	0.450
Subset 1	1927	2276.000	0.450
Subset 1	1928	2277.000	0.449
Subset 1	1929	2278.000	0.449
Subset 1	1930	2279.000	0.449
Subset 1	1931	2280.000	0.449
Subset 1	1932	2281.000	0.448
Subset 1	1933	2282.000	0.448
Subset 1	1934	2283.000	0.448
Subset 1	1935	2284.000	0.448
Subset 1	1936	2285.000	0.447
Subset 1	1937	2286.000	0.447
Subset 1	1938	2287.000	0.447
Subset 1	1939	2288.000	0.446
Subset 1	1940	2289.000	0.446
Subset 1	1941	2290.000	0.446
Subset 1	1942	2291.000	0.446
Subset 1	1943	2292.000	0.445
Subset 1	1944	2293.000	0.445
Subset 1	1945	2294.000	0.444
Subset 1	1946	2295.000	0.444
Subset 1	1947	2296.000	0.444
Subset 1	1948	2297.000	0.443
Subset 1	1949	2298.000	0.443
Subset 1	1950	2299.000	0.442
Subset 1	1951	2300.000	0.442
Subset 1	1952	2301.000	0.441
Subset 1	1953	2302.000	0.440
Subset 1	1954	2303.000	0.440
Subset 1	1955	2304.000	0.439
Subset 1	1956	2305.000	0.438
Subset 1	1957	2306.000	0.438
Subset 1	1958	2307.000	0.437
Subset 1	1959	2308.000	0.436
Subset 1	1960	2309.000	0.435
Subset 1	1961	2310.000	0.434
Subset 1	1962	2311.000	0.433
Subset 1	1963	2312.000	0.432
Subset 1	1964	2313.000	0.431
Subset 1	1965	2314.000	0.430
Subset 1	1966	2315.000	0.430
Subset 1	1967	2316.000	0.429
Subset 1	1968	2317.000	0.428
Subset 1	1969	2318.000	0.428
Subset 1	1970	2319.000	0.427
Subset 1	1971	2320.000	0.426
Subset 1	1972	2321.000	0.426
Subset 1	1973	2322.000	0.425
Subset 1	1974	2323.000	0.425
Subset 1	1975	2324.000	0.424
Subset 1	1976	2325.000	0.423
Subset 1	1977	2326.000	0.423
Subset 1	1978	2327.000	0.422
Subset 1	1979	2328.000	0.422
Subset 1	1980	2329.000	0.421
Subset 1	1981	2330.000	0.421
Subset 1	1982	2331.000	0.420
Subset 1	1983	2332.000	0.420
Subset 1	1984	2333.000	0.419
Subset 1	1985	2334.000	0.419
Subset 1	1986	2335.000	0.419
Subset 1	1987	2336.000	0.418
Subset 1	1988	2337.000	0.418
Subset 1	1989	2338.000	0.417
Subset 1	1990	2339.000	0.416
Subset 1	1991	2340.000	0.416
Subset 1	1992	2341.000	0.415
Subset 1	1993	2342.000	0.415
Subset 1	1994	2343.000	0.414
Subset 1	1995	2344.000	0.413
Subset 1	1996	2345.000	0.413
Subset 1	1997	2346.000	0.412
Subset 1	1998	2347.000	0.412
Subset 1	1999	2348.000	0.411
Subset 1	2000	2349.000	0.411
Subset 1	2001	2350.000	0.410
Subset 1	2002	2351.000	0.410
Subset 1	2003	2352.000	0.410
Subset 1	2004	2353.000	0.410
Subset 1	2005	2354.000	0.409
Subset 1	2006	2355.000	0.409
Subset 1	2007	2356.000	0.410
Subset 1	2008	2357.000	0.410
Subset 1	2009	2358.000	0.410
Subset 1	2010	2359.000	0.410
Subset 1	2011	2360.000	0.411
Subset 1	2012	2361.000	0.411
Subset 1	2013	2362.000	0.411
Subset 1	2014	2363.000	0.412
Subset 1	2015	2364.000	0.412
Subset 1	2016	2365.000	0.412
Subset 1	2017	2366.000	0.413
Subset 1	2018	2367.000	0.413
Subset 1	2019	2368.000	0.413
Subset 1	2020	2369.000	0.413
Subset 1	2021	2370.000	0.413
Subset 1	2022	2371.000	0.413
Subset 1	2023	2372.000	0.412
Subset 1	2024	2373.000	0.412
Subset 1	2025	2374.000	0.412
Subset 1	2026	2375.000	0.411
Subset 1	2027	2376.000	0.411
Subset 1	2028	2377.000	0.411
Subset 1	2029	2378.000	0.410
Subset 1	2030	2379.000	0.410
Subset 1	2031	2380.000	0.409
Subset 1	2032	2381.000	0.409
Subset 1	2033	2382.000	0.409
Subset 1	2034	2383.000	0.409
Subset 1	2035	2384.000	0.409
Subset 1	2036	2385.000	0.409
Subset 1	2037	2386.000	0.409
Subset 1	2038	2387.000	0.409
Subset 1	2039	2388.000	0.409
Subset 1	2040	2389.000	0.409
Subset 1	2041	2390.000	0.410
Subset 1	2042	2391.000	0.411
Subset 1	2043	2392.000	0.411
Subset 1	2044	2393.000	0.411
Subset 1	2045	2394.000	0.412
Subset 1	2046	2395.000	0.412
Subset 1	2047	2396.000	0.413
Subset 1	2048	2397.000	0.413
Subset 1	2049	2398.000	0.413
Subset 1	2050	2399.000	0.414
Subset 1	2051	2400.000	0.414
Subset 1	2052	2401.000	0.414
Subset 1	2053	2402.000	0.414
Subset 1	2054	2403.000	0.414
Subset 1	2055	2404.000	0.414
Subset 1	2056	2405.000	0.414
Subset 1	2057	2406.000	0.414
Subset 1	2058	2407.000	0.414
Subset 1	2059	2408.000	0.414
Subset 1	2060	2409.000	0.413
Subset 1	2061	2410.000	0.413
Subset 1	2062	2411.000	0.412
Subset 1	2063	2412.000	0.412
Subset 1	2064	2413.000	0.412
Subset 1	2065	2414.000	0.411
Subset 1	2066	2415.000	0.411
Subset 1	2067	2416.000	0.411
Subset 1	2068	2417.000	0.410
Subset 1	2069	2418.000	0.409
Subset 1	2070	2419.000	0.409
Subset 1	2071	2420.000	0.408
Subset 1	2072	2421.000	0.408
Subset 1	2073	2422.000	0.407
Subset 1	2074	2423.000	0.407
Subset 1	2075	2424.000	0.406
Subset 1	2076	2425.000	0.405
Subset 1	2077	2426.000	0.404
Subset 1	2078	2427.000	0.404
Subset 1	2079	2428.000	0.403
Subset 1	2080	2429.000	0.403
Subset 1	2081	2430.000	0.402
Subset 1	2082	2431.000	0.401
Subset 1	2083	2432.000	0.400
Subset 1	2084	2433.000	0.399
Subset 1	2085	2434.000	0.398
Subset 1	2086	2435.000	0.398
Subset 1	2087	2436.000	0.397
Subset 1	2088	2437.000	0.396
Subset 1	2089	2438.000	0.396
Subset 1	2090	2439.000	0.395
Subset 1	2091	2440.000	0.395
Subset 1	2092	2441.000	0.394
Subset 1	2093	2442.000	0.394
Subset 1	2094	2443.000	0.393
Subset 1	2095	2444.000	0.393
Subset 1	2096	2445.000	0.393
Subset 1	2097	2446.000	0.392
Subset 1	2098	2447.000	0.392
Subset 1	2099	2448.000	0.392
Subset 1	2100	2449.000	0.392
Subset 1	2101	2450.000	0.392
Subset 1	2102	2451.000	0.392
Subset 1	2103	2452.000	0.391
Subset 1	2104	2453.000	0.391
Subset 1	2105	2454.000	0.391
Subset 1	2106	2455.000	0.391
Subset 1	2107	2456.000	0.391
Subset 1	2108	2457.000	0.391
Subset 1	2109	2458.000	0.391
Subset 1	2110	2459.000	0.391
Subset 1	2111	2460.000	0.391
Subset 1	2112	2461.000	0.391
Subset 1	2113	2462.000	0.391
Subset 1	2114	2463.000	0.391
Subset 1	2115	2464.000	0.391
Subset 1	2116	2465.000	0.391
Subset 1	2117	2466.000	0.391
Subset 1	2118	2467.000	0.391
Subset 1	2119	2468.000	0.391
Subset 1	2120	2469.000	0.391
Subset 1	2121	2470.000	0.392
Subset 1	2122	2471.000	0.392
Subset 1	2123	2472.000	0.391
Subset 1	2124	2473.000	0.391
Subset 1	2125	2474.000	0.392
Subset 1	2126	2475.000	0.392
Subset 1	2127	2476.000	0.392
Subset 1	2128	2477.000	0.392
Subset 1	2129	2478.000	0.391
Subset 1	2130	2479.000	0.391
Subset 1	2131	2480.000	0.391
Subset 1	2132	2481.000	0.390
Subset 1	2133	2482.000	0.390
Subset 1	2134	2483.000	0.389
Subset 1	2135	2484.000	0.389
Subset 1	2136	2485.000	0.389
Subset 1	2137	2486.000	0.389
Subset 1	2138	2487.000	0.389
Subset 1	2139	2488.000	0.389
Subset 1	2140	2489.000	0.388
Subset 1	2141	2490.000	0.388
Subset 1	2142	2491.000	0.387
Subset 1	2143	2492.000	0.388
Subset 1	2144	2493.000	0.388
Subset 1	2145	2494.000	0.388
Subset 1	2146	2495.000	0.388
Subset 1	2147	2496.000	0.388
Subset 1	2148	2497.000	0.388
Subset 1	2149	2498.000	0.388
Subset 1	2150	2499.000	0.388
Subset 1	2151	2500.000	0.389
